sample_0 -13.1318684 -4.05506277 -4.19388866 -11.1922836 1.00421894 -0.367080718 -6.44788408 -12.0742884 -5.78954697 -3.77312899
sample_1 -1.76390672 -2.38908291 -1.53780293 -3.43605256 -2.29420638 -2.4871819 -2.97832751 -2.21240878 -1.10124421 -1.94758868
sample_2 -1.27199411 -1.64584088 -0.0123771131 -4.65785837 -2.32043791 -4.63898563 -0.990997851 -7.36179256 -2.05368567 -1.92150044
sample_3 -1.91190028 -1.90343642 -1.30316615 -2.53228188 -2.04007316 -1.46806037 -2.00539303 -0.458070666 -1.35631621 -1.59931076
sample_4 -7.18227673 -0.539337814 0.126591563 -9.26678467 -1.81377137 -3.78386497 5.1800704 -5.99743605 -1.17740083 -5.54090691
sample_5 -12.4353714 -6.83600235 -7.92922258 -8.33845043 0.52221334 1.03292704 -6.30088425 -5.64163971 -3.63642001 -0.943109334
sample_6 -1.76390672 -2.38908291 -1.53780293 -3.43605256 -2.29420638 -2.4871819 -2.97832751 -2.21240878 -1.10124421 -1.94758868
sample_7 -3.45731854 -2.92311859 -1.74948227 -1.83809829 0.562538028 -0.912775278 -1.70224154 -2.10152125 -2.85018229 -1.21551371
sample_8 -1.76390672 -2.38908291 -1.53780293 -3.43605256 -2.29420638 -2.4871819 -2.97832751 -2.21240878 -1.10124421 -1.94758868
sample_9 -6.583529 0.028061498 0.379537433 -4.98682356 -0.912688315 -3.93039656 -4.44745016 -7.75601482 -4.628016 0.572993338
sample_10 -1.76390672 -2.38908291 -1.53780293 -3.43605256 -2.29420638 -2.4871819 -2.97832751 -2.21240878 -1.10124421 -1.94758868
sample_11 -1.76390672 -2.38908291 -1.53780293 -3.43605256 -2.29420638 -2.4871819 -2.97832751 -2.21240878 -1.10124421 -1.94758868
sample_12 -1.76390672 -2.38908291 -1.53780293 -3.43605256 -2.29420638 -2.4871819 -2.97832751 -2.21240878 -1.10124421 -1.94758868
sample_13 -1.76390672 -2.38908291 -1.53780293 -3.43605256 -2.29420638 -2.4871819 -2.97832751 -2.21240878 -1.10124421 -1.94758868
sample_14 -1.76390672 -2.38908291 -1.53780293 -3.43605256 -2.29420638 -2.4871819 -2.97832751 -2.21240878 -1.10124421 -1.94758868
sample_15 -17.3894749 -3.50342512 -1.80005991 -11.5376005 -3.27533031 -2.31760406 -10.342063 -9.48721123 -6.47029209 -1.10780156
sample_16 -14.8577108 -7.40466166 -6.92013693 -10.6377163 -2.94468236 4.40917635 -10.2354565 -5.11809111 -6.04077291 -1.14769983
sample_17 -1.76390672 -2.38908291 -1.53780293 -3.43605256 -2.29420638 -2.4871819 -2.97832751 -2.21240878 -1.10124421 -1.94758868
sample_18 -11.4451017 -2.4306643 -0.234279364 -7.137959 -0.31153971 -4.66054726 -6.34220886 -10.0397615 -8.03868484 1.02972937
sample_19 -7.78639507 -0.77815938 0.611238837 -7.0899086 -4.00564003 -6.0301199 -0.935616374 -6.42191315 -1.81617701 -3.83350825
sample_20 -11.83986 -0.41358611 0.387507945 -6.02886343 -1.8862375 -4.9927392 -7.49739933 -8.63403225 -7.46293163 0.593099713
sample_21 -3.58119941 -5.37870932 -3.30119348 -6.82903099 -0.0077727586 0.194060594 1.29517567 -5.12687874 0.0512793437 -3.05227757
sample_22 -8.36784649 -0.720537364 0.719314337 -5.16445208 -0.0605010986 -4.97928476 1.1147337 -4.9872818 -3.44923377 -3.10419559
sample_23 -3.52290845 -0.365989476 -0.200933188 -3.35474706 -2.70865512 -1.38462186 -3.10660863 -2.84263968 -0.85271126 -2.79700589
sample_24 -15.9029408 -4.3470521 -4.64926147 -8.91815567 -1.96409488 -1.89085352 -12.5591106 -8.64073563 -9.61804867 1.86578357
sample_25 -1.76390672 -2.38908291 -1.53780293 -3.43605256 -2.29420638 -2.4871819 -2.97832751 -2.21240878 -1.10124421 -1.94758868
sample_26 -1.76390672 -2.38908291 -1.53780293 -3.43605256 -2.29420638 -2.4871819 -2.97832751 -2.21240878 -1.10124421 -1.94758868
sample_27 -1.76390672 -2.38908291 -1.53780293 -3.43605256 -2.29420638 -2.4871819 -2.97832751 -2.21240878 -1.10124421 -1.94758868
sample_28 -1.76390672 -2.38908291 -1.53780293 -3.43605256 -2.29420638 -2.4871819 -2.97832751 -2.21240878 -1.10124421 -1.94758868
sample_29 -1.76390672 -2.38908291 -1.53780293 -3.43605256 -2.29420638 -2.4871819 -2.97832751 -2.21240878 -1.10124421 -1.94758868
sample_30 -9.132864 -0.640846372 -1.10530281 -6.96455956 -3.92921734 -5.06589603 -4.17985296 -4.54504013 -3.46334815 -0.821380854
sample_31 -22.5745411 -3.11257362 -6.20632458 -15.9409151 0.42639178 -2.38348269 -11.0886889 -15.5901861 -3.9326086 -3.48702884
sample_32 -1.76390672 -2.38908291 -1.53780293 -3.43605256 -2.29420638 -2.4871819 -2.97832751 -2.21240878 -1.10124421 -1.94758868
sample_33 -9.26206875 -3.19928622 -1.37304735 -6.0606246 -0.0941476077 -3.17698312 -4.59969187 -8.5402956 -6.53244591 1.20929325
sample_34 -19.0495396 -7.66353607 -9.25736332 -11.9116421 -1.3274256 1.66963947 -13.3345881 -7.3402462 -7.80933332 -0.676653028
sample_35 -5.04777718 -0.0376693271 0.545190156 -6.33498144 0.384000093 -3.94895315 -0.375046223 -8.77897549 -2.84247971 -2.04085088
sample_36 -12.8031158 -1.02186489 -0.179007709 -5.72890759 0.279326975 -7.37127304 -6.35112429 -11.3246927 -7.77842331 0.382676184
sample_37 -1.76390672 -2.38908291 -1.53780293 -3.43605256 -2.29420638 -2.4871819 -2.97832751 -2.21240878 -1.10124421 -1.94758868
sample_38 -1.76390672 -2.38908291 -1.53780293 -3.43605256 -2.29420638 -2.4871819 -2.97832751 -2.21240878 -1.10124421 -1.94758868
sample_39 -21.144434 -10.3044987 -6.06318855 -21.5664997 1.92216671 -3.74363947 -8.39760876 -25.6499138 -8.54953289 2.45094585
sample_40 -10.0651264 -1.22969544 -0.153087795 -8.63630104 -3.16996694 -4.62129879 2.58697391 -2.77296519 -1.00151038 -5.18761539
sample_41 -1.76390672 -2.38908291 -1.53780293 -3.43605256 -2.29420638 -2.4871819 -2.97832751 -2.21240878 -1.10124421 -1.94758868
sample_42 -7.35771513 -1.20498359 -2.67456722 -5.35065985 -1.27849936 -0.274570405 -4.96174097 -3.77770567 -0.578394473 -1.52256036
sample_43 -1.76390672 -2.38908291 -1.53780293 -3.43605256 -2.29420638 -2.4871819 -2.97832751 -2.21240878 -1.10124421 -1.94758868
sample_44 -6.09780502 0.83075124 0.523232996 -6.9018445 -0.57824111 -4.79010248 2.55679512 -6.09577799 -0.348926634 -4.5036211
sample_45 -18.7069435 -7.96769476 -7.54170656 -12.8800726 -4.51874781 4.68020725 -14.640049 -5.48979282 -8.23527813 0.123061463
sample_46 -1.76390672 -2.38908291 -1.53780293 -3.43605256 -2.29420638 -2.4871819 -2.97832751 -2.21240878 -1.10124421 -1.94758868
sample_47 -1.76390672 -2.38908291 -1.53780293 -3.43605256 -2.29420638 -2.4871819 -2.97832751 -2.21240878 -1.10124421 -1.94758868
sample_48 -8.25378609 -5.86112356 -5.05791092 -6.18521023 1.07178569 0.0270742476 -4.2455821 -4.66592455 -3.79163766 0.698133945
sample_49 -1.76390672 -2.38908291 -1.53780293 -3.43605256 -2.29420638 -2.4871819 -2.97832751 -2.21240878 -1.10124421 -1.94758868
