sample_0 -13.1318445 -4.05506563 -4.19388866 -11.1923027 1.00421989 -0.367074281 -6.44787693 -12.0743189 -5.78955269 -3.77313161
sample_1 -1.76390409 -2.38908529 -1.53780639 -3.436059 -2.29420614 -2.48717523 -2.97832966 -2.21240139 -1.10124981 -1.94758308
sample_2 -1.27198982 -1.64584267 -0.0123746619 -4.65787172 -2.3204422 -4.63897514 -0.990996718 -7.3617878 -2.053689 -1.9214952
sample_3 -1.91189909 -1.90343988 -1.30317223 -2.53229499 -2.04007673 -1.46805525 -2.00539827 -0.45806694 -1.3563199 -1.59930646
sample_4 -7.18227196 -0.539339602 0.126592964 -9.26680183 -1.81377304 -3.78386045 5.18008041 -5.99745035 -1.17739904 -5.54090929
sample_5 -12.4353533 -6.83600426 -7.92922354 -8.33845615 0.522215962 1.03293395 -6.30087423 -5.64164543 -3.63641858 -0.943111897
sample_6 -1.76390409 -2.38908529 -1.53780639 -3.436059 -2.29420614 -2.48717523 -2.97832966 -2.21240139 -1.10124981 -1.94758308
sample_7 -3.4573195 -2.92312193 -1.74948657 -1.83811057 0.562537253 -0.912772059 -1.70224559 -2.10152006 -2.85018539 -1.21551013
sample_8 -1.76390409 -2.38908529 -1.53780639 -3.436059 -2.29420614 -2.48717523 -2.97832966 -2.21240139 -1.10124981 -1.94758308
sample_9 -6.58353043 0.0280599631 0.379539341 -4.986835 -0.912692189 -3.93038845 -4.44745636 -7.75601959 -4.62802696 0.572997034
sample_10 -1.76390409 -2.38908529 -1.53780639 -3.436059 -2.29420614 -2.48717523 -2.97832966 -2.21240139 -1.10124981 -1.94758308
sample_11 -1.76390409 -2.38908529 -1.53780639 -3.436059 -2.29420614 -2.48717523 -2.97832966 -2.21240139 -1.10124981 -1.94758308
sample_12 -1.76390409 -2.38908529 -1.53780639 -3.436059 -2.29420614 -2.48717523 -2.97832966 -2.21240139 -1.10124981 -1.94758308
sample_13 -1.76390409 -2.38908529 -1.53780639 -3.436059 -2.29420614 -2.48717523 -2.97832966 -2.21240139 -1.10124981 -1.94758308
sample_14 -1.76390409 -2.38908529 -1.53780639 -3.436059 -2.29420614 -2.48717523 -2.97832966 -2.21240139 -1.10124981 -1.94758308
sample_15 -17.389452 -3.50342679 -1.80005682 -11.5376282 -3.2753377 -2.31759143 -10.3420591 -9.48724365 -6.47029591 -1.10780275
sample_16 -14.8576756 -7.40466356 -6.92014122 -10.6377239 -2.9446764 4.40918207 -10.2354403 -5.11811352 -6.04076719 -1.14770389
sample_17 -1.76390409 -2.38908529 -1.53780639 -3.436059 -2.29420614 -2.48717523 -2.97832966 -2.21240139 -1.10124981 -1.94758308
sample_18 -11.4450874 -2.43066406 -0.234273702 -7.13798285 -0.311541289 -4.66053867 -6.342206 -10.0397863 -8.03869343 1.02972627
sample_19 -7.78638744 -0.778159678 0.611241937 -7.08993864 -4.00564909 -6.03011131 -0.935610533 -6.42193031 -1.81617558 -3.83351064
sample_20 -11.8398514 -0.413588881 0.387512773 -6.0288887 -1.88624156 -4.99272919 -7.49739885 -8.63405418 -7.46294594 0.593102396
sample_21 -3.58119297 -5.37871122 -3.30119658 -6.82904053 -0.00777497143 0.19406566 1.29517579 -5.12687778 0.0512746014 -3.0522728
sample_22 -8.36784172 -0.72053498 0.719318092 -5.16446161 -0.0605021194 -4.97927952 1.11473978 -4.98728752 -3.4492321 -3.10419583
sample_23 -3.52290273 -0.365993768 -0.200933278 -3.35475969 -2.70865965 -1.38461745 -3.10660839 -2.84263778 -0.852715433 -2.79699898
sample_24 -15.9029121 -4.34705448 -4.64925432 -8.91817665 -1.96409893 -1.89084208 -12.559104 -8.64076614 -9.61806297 1.86578357
sample_25 -1.76390409 -2.38908529 -1.53780639 -3.436059 -2.29420614 -2.48717523 -2.97832966 -2.21240139 -1.10124981 -1.94758308
sample_26 -1.76390409 -2.38908529 -1.53780639 -3.436059 -2.29420614 -2.48717523 -2.97832966 -2.21240139 -1.10124981 -1.94758308
sample_27 -1.76390409 -2.38908529 -1.53780639 -3.436059 -2.29420614 -2.48717523 -2.97832966 -2.21240139 -1.10124981 -1.94758308
sample_28 -1.76390409 -2.38908529 -1.53780639 -3.436059 -2.29420614 -2.48717523 -2.97832966 -2.21240139 -1.10124981 -1.94758308
sample_29 -1.76390409 -2.38908529 -1.53780639 -3.436059 -2.29420614 -2.48717523 -2.97832966 -2.21240139 -1.10124981 -1.94758308
sample_30 -9.13286209 -0.640848279 -1.10530365 -6.96457815 -3.92922401 -5.06588888 -4.17986059 -4.5450511 -3.46335292 -0.821378589
sample_31 -22.5745201 -3.11257315 -6.20632553 -15.9409332 0.426391453 -2.3834846 -11.0886793 -15.5902157 -3.93260455 -3.48703289
sample_32 -1.76390409 -2.38908529 -1.53780639 -3.436059 -2.29420614 -2.48717523 -2.97832966 -2.21240139 -1.10124981 -1.94758308
sample_33 -9.26205349 -3.19928837 -1.37304556 -6.06064034 -0.0941488966 -3.17697239 -4.59968996 -8.54030991 -6.53245258 1.20929444
sample_34 -19.0495129 -7.66353655 -9.25736904 -11.9116573 -1.32742178 1.66964507 -13.3345747 -7.34027386 -7.80932188 -0.676660836
sample_35 -5.04777527 -0.0376684032 0.545192599 -6.33499575 0.383999377 -3.94894648 -0.375045478 -8.77898407 -2.84248495 -2.04085088
sample_36 -12.803113 -1.02186465 -0.179004341 -5.72892666 0.279326767 -7.37126827 -6.35112524 -11.3247108 -7.77843523 0.38267827
sample_37 -1.76390409 -2.38908529 -1.53780639 -3.436059 -2.29420614 -2.48717523 -2.97832966 -2.21240139 -1.10124981 -1.94758308
sample_38 -1.76390409 -2.38908529 -1.53780639 -3.436059 -2.29420614 -2.48717523 -2.97832966 -2.21240139 -1.10124981 -1.94758308
sample_39 -21.1444168 -10.3044949 -6.06318665 -21.5665321 1.92215502 -3.74364138 -8.39760876 -25.6499367 -8.54953766 2.45094204
sample_40 -10.0651207 -1.22969532 -0.153088123 -8.63631916 -3.16996956 -4.62129545 2.58698392 -2.77297783 -1.00150251 -5.1876173
sample_41 -1.76390409 -2.38908529 -1.53780639 -3.436059 -2.29420614 -2.48717523 -2.97832966 -2.21240139 -1.10124981 -1.94758308
sample_42 -7.3577137 -1.2049861 -2.67457128 -5.3506732 -1.27850115 -0.274565965 -4.96174669 -3.77770233 -0.5784024 -1.52255237
sample_43 -1.76390409 -2.38908529 -1.53780639 -3.436059 -2.29420614 -2.48717523 -2.97832966 -2.21240139 -1.10124981 -1.94758308
sample_44 -6.09780312 0.830752432 0.523234844 -6.90185308 -0.578241944 -4.7901001 2.55679703 -6.09578228 -0.348927349 -4.50362253
sample_45 -18.7069111 -7.96769285 -7.54171085 -12.8800831 -4.51874399 4.68021297 -14.6400309 -5.48981905 -8.23526192 0.123057641
sample_46 -1.76390409 -2.38908529 -1.53780639 -3.436059 -2.29420614 -2.48717523 -2.97832966 -2.21240139 -1.10124981 -1.94758308
sample_47 -1.76390409 -2.38908529 -1.53780639 -3.436059 -2.29420614 -2.48717523 -2.97832966 -2.21240139 -1.10124981 -1.94758308
sample_48 -8.25378323 -5.86112785 -5.05791664 -6.1852169 1.07178319 0.0270837247 -4.24558258 -4.6659174 -3.79163933 0.698135912
sample_49 -1.76390409 -2.38908529 -1.53780639 -3.436059 -2.29420614 -2.48717523 -2.97832966 -2.21240139 -1.10124981 -1.94758308
