sample_0 -6.74099207 2.20839 -3.40629053 -3.49534154 -1.80935955 -3.97807908 -5.29369879 -12.2917099 3.5123148 -1.30568695
sample_1 -8.3784256 2.43007302 -1.1117661 0.727283359 -0.963511348 -7.44986582 -7.36975098 -6.88759851 1.23483098 -6.72438002
sample_2 -7.78911829 5.45398569 1.59306526 1.66350412 -2.9862535 -7.68654728 -8.23062897 -12.9728098 0.79172653 -7.51876974
sample_3 -7.54811049 2.83835959 0.208018765 4.55989456 -0.537235379 -6.05441904 -8.0281105 -11.4003191 -1.22338641 -5.39898252
sample_4 -4.4958806 -0.436909646 -3.61672068 4.94790697 -1.19536686 -7.97792864 -6.86752462 -6.64887047 1.3836751 -11.0403719
sample_5 -6.54417372 -2.36939955 -6.45405483 -7.3321867 -1.45814931 -2.10163474 -5.11715698 -6.20242357 5.42864275 -6.51619434
sample_6 -6.03721046 0.862988532 -0.978980541 1.4205097 -2.38996458 -3.52941632 -5.0609293 -8.15568542 1.75085354 -4.66671801
sample_7 -4.81082058 2.8817265 -0.332853407 3.38333082 -2.27227974 -5.97694969 -7.7191906 -10.4674892 0.296861857 -6.13766956
sample_8 -1.889642 -0.672098637 -2.3686173 2.95516396 -0.901802361 -4.80749512 -4.18569946 -2.59501505 -1.31117785 -8.39995575
sample_9 -6.82763338 2.39115882 -2.08264184 -1.2352376 0.869007766 -6.28169346 -6.85208035 -9.77356911 0.304753125 -5.6630826
sample_10 -7.67510366 1.99356091 4.68283701 -3.98350167 -2.46917224 -4.24312019 -3.26995254 -6.66987324 -1.35763776 -7.82960749
sample_11 -5.90584087 2.30071998 -0.675819397 3.53116751 -1.66887403 -5.68450451 -7.55427122 -7.56167269 0.199389637 -6.25125551
sample_12 -5.59694862 1.158638 -0.406016886 7.60454321 -1.12593496 -6.64277554 -7.86561346 -6.31251574 -1.12903154 -7.44931221
sample_13 -15.7445745 2.93663573 2.06104469 -2.22794008 0.275300354 -6.09981585 -7.48176384 -20.915226 -2.24709415 0.398354888
sample_14 -4.27970457 -3.31263781 -5.48495674 2.15414143 0.978487909 -3.7742033 -5.60950232 -2.08051515 -1.88886595 -7.36948156
sample_15 -9.02658081 2.91221118 2.04618692 0.409526646 -0.131344259 -5.95706797 -6.06758881 -10.818121 -1.73214126 -3.40690398
sample_16 -5.56959772 -0.703333557 -3.42786789 1.02880573 -0.75516665 -5.02145767 -5.31009674 -4.83604193 2.06753778 -6.92139959
sample_17 -5.18716145 3.3908391 -1.70225 -4.42925406 -2.29132152 -6.95368719 -3.37889171 -11.7238607 3.36746025 -7.49145269
sample_18 -3.77079797 -0.128719613 -3.87615418 2.27148819 -0.753066778 -5.64666843 -5.15876055 -6.07875061 1.6103946 -6.69826984
sample_19 -11.5545359 2.54240251 1.66695988 -4.5112133 -0.474658787 -6.12857294 -4.111063 -10.8881226 -0.393699706 -3.65140057
sample_20 -8.57306862 2.91037679 0.0644242465 -4.93687439 0.204238728 -5.4449811 -4.24934101 -12.6564827 -1.35709703 -2.82260561
sample_21 -9.53099346 1.12185025 1.60284686 -0.0242774189 -1.27612126 -4.62865019 -4.13900471 -10.2761135 -0.620426297 -3.49558997
sample_22 -14.4705219 3.63726854 1.87514865 -6.77683449 -3.40003872 -2.88950109 -6.08358479 -23.1910095 0.426422268 2.98701644
sample_23 -8.08337116 -0.462417603 -0.988709569 0.252262771 1.04163992 -5.57886505 -2.23068023 -9.36870861 -1.7422117 -4.26309252
sample_24 -6.8211813 2.36274886 -2.57941628 -0.0658990145 -0.748916566 -5.68467379 -6.37746048 -9.68664932 1.60700488 -6.73965025
sample_25 -5.3485055 3.65369177 0.14236629 -2.1291225 -0.385999799 -5.94679356 -5.54634523 -8.06778908 -0.409206599 -6.65971565
sample_26 -8.36601925 2.41580272 1.96828282 1.42257738 -2.02741146 -6.10073185 -4.83957577 -7.37733746 -0.196460217 -6.4197731
sample_27 -4.66815472 0.797793984 -2.15284157 1.82815504 -1.1225965 -6.27708149 -4.91011477 -3.52327895 0.844423831 -8.1093626
sample_28 -3.13255119 -2.07321525 -4.28185892 1.79482794 0.139792413 -4.40383053 -5.53718376 -5.28963757 -0.141666919 -8.17745781
sample_29 -6.44773149 2.14800406 -1.6371758 3.70375156 -0.153032199 -7.61760092 -5.61365223 -9.17004299 0.242189124 -5.53286076
sample_30 -6.11014748 3.95843601 -1.66879201 -2.20829415 -0.777977705 -6.69460583 -5.91886139 -10.359499 1.92504311 -5.85828352
sample_31 -8.70344353 0.796518385 -2.91807413 2.22569346 -1.23022377 -5.6339221 -5.98599815 -10.5827665 2.89492273 -2.87086034
sample_32 -8.29400635 -0.535466194 2.57305717 -2.82607698 -0.686406851 -2.5108304 -4.45791292 -6.30493402 -0.785711944 -7.31966114
sample_33 -4.28316164 3.93871188 -0.429174304 -2.70001101 -0.850158036 -6.22551823 -5.59081936 -9.22591114 0.808390021 -7.29026127
sample_34 -9.79158878 -0.370539546 -2.62206841 -6.13363123 -1.96221638 -2.99427772 -2.49459672 -4.29755926 4.34865952 -5.44605589
sample_35 -9.07748413 3.96407008 -0.661899447 -4.77638578 -2.86082864 -5.00738478 -6.44380617 -17.8337631 3.21385169 -6.17978954
sample_36 -8.094347 2.17986894 -2.45122385 -2.46040583 -2.16158819 -5.2579875 -5.83331203 -8.55107117 3.61080694 -3.70768356
sample_37 -8.81099319 0.794249773 1.99490237 -1.66050446 -1.11493683 -5.36753845 -3.26710486 -10.0706711 -1.6177243 -6.19847393
sample_38 -8.47074318 5.43864059 -0.259384394 -0.866095901 -2.09403706 -6.31580162 -7.09108925 -12.1172771 1.99206877 -4.56371975
sample_39 -4.32572412 3.00234532 -2.18817258 -1.77573943 -2.24545908 -7.01751328 -5.74011946 -7.08818769 3.71339035 -9.04581451
sample_40 -9.34069633 3.39056802 1.24131751 0.604830623 -2.28734016 -5.53952551 -6.43371201 -10.3880863 1.09258783 -5.18918943
sample_41 -7.24783659 3.41683412 0.0889336169 0.000585317612 -0.555929899 -7.16966677 -7.70519161 -9.86429024 -1.00879848 -6.80412197
sample_42 -6.24839449 -1.05088723 -1.29513359 0.663651705 -0.646598279 -5.84028673 -3.35818338 -2.71524572 -1.44478977 -8.36665726
sample_43 -9.03245068 2.33311963 -1.98679411 -1.27140212 0.495075941 -7.39659214 -6.17627907 -7.74759674 0.661484659 -7.51182795
sample_44 -9.37849236 4.41877747 2.05809784 -2.81570339 -1.07777023 -7.32814217 -5.22755909 -9.55426407 -0.4567312 -7.23529339
sample_45 -11.8278732 1.46767247 5.96235228 3.36732602 -1.52572346 -6.9909339 -6.39276266 -14.0615711 -3.72347713 -6.32845545
sample_46 -10.0219221 2.12059569 1.91317475 -2.44701576 -1.665784 -4.45102024 -3.43649936 -13.0306158 0.532918453 -1.97610474
sample_47 -13.4577723 6.09713793 0.105923176 -2.09758234 -3.78277946 -6.37823343 -8.40692997 -21.8885937 2.06327915 -0.56677711
sample_48 -7.88597393 0.572706401 1.3420341 3.33769798 0.0402619839 -4.43032503 -5.93417931 -9.9248457 -1.69604766 -2.64705706
sample_49 -11.4416714 1.81869495 0.00952675939 -7.39271593 -2.90987611 -3.94489455 -3.26836276 -16.5116978 3.09474993 -0.988028109
