sample_0 -6.74098969 2.20838571 -3.40629601 -3.49534154 -1.80935979 -3.97807932 -5.2936964 -12.2917042 3.51231956 -1.3056922
sample_1 -8.37842751 2.43007469 -1.11176956 0.727287471 -0.963511825 -7.4498682 -7.36975193 -6.88759947 1.23483443 -6.72437668
sample_2 -7.7891202 5.45398331 1.59306252 1.66349971 -2.98625708 -7.68654394 -8.2306242 -12.9728146 0.791733265 -7.5187664
sample_3 -7.54811096 2.83836031 0.208017752 4.55988789 -0.537237167 -6.05441666 -8.02810764 -11.400322 -1.22338378 -5.39898205
sample_4 -4.4958849 -0.436907291 -3.61671758 4.94790697 -1.19536889 -7.97792816 -6.86752415 -6.64886856 1.38367784 -11.04037
sample_5 -6.54418612 -2.36940002 -6.45405626 -7.33219337 -1.45814908 -2.10163856 -5.11715841 -6.20242739 5.42865324 -6.5161972
sample_6 -6.03720951 0.862989843 -0.978981316 1.42050672 -2.38996339 -3.52941561 -5.06092787 -8.15568733 1.75085413 -4.66671658
sample_7 -4.81082153 2.88172579 -0.332854331 3.38333464 -2.27228093 -5.97694874 -7.71918964 -10.4674883 0.296864003 -6.13766909
sample_8 -1.88964915 -0.672100127 -2.36861706 2.95516849 -0.901802182 -4.80749655 -4.18570185 -2.5950079 -1.31117737 -8.39995956
sample_9 -6.82763577 2.39115715 -2.0826416 -1.23523879 0.869006157 -6.2816925 -6.85207748 -9.7735548 0.304754883 -5.66308451
sample_10 -7.67510319 1.9935596 4.6828351 -3.98350334 -2.46917319 -4.24311733 -3.26995015 -6.66987467 -1.35763657 -7.82960272
sample_11 -5.90584087 2.30072403 -0.675817966 3.53116512 -1.66887498 -5.68450737 -7.5542717 -7.56167889 0.199391872 -6.25125551
sample_12 -5.59695148 1.15863907 -0.406011164 7.60454416 -1.1259371 -6.64277506 -7.86561489 -6.31251526 -1.1290319 -7.44931316
sample_13 -15.7445784 2.93663502 2.06104279 -2.22794461 0.275297999 -6.09981585 -7.48176432 -20.9152355 -2.24709177 0.398360133
sample_14 -4.27970695 -3.31263256 -5.4849534 2.15413809 0.9784863 -3.7742033 -5.60949945 -2.08052063 -1.88886189 -7.36947536
sample_15 -9.02657795 2.91220951 2.04618263 0.409527481 -0.131341442 -5.95706987 -6.06758785 -10.81812 -1.73214304 -3.40690541
sample_16 -5.56959438 -0.703335106 -3.42786813 1.02880478 -0.755167603 -5.02145767 -5.31009579 -4.83604288 2.06753826 -6.92140245
sample_17 -5.18716192 3.39083815 -1.70224726 -4.42925215 -2.29132152 -6.95368719 -3.37889075 -11.7238598 3.36745882 -7.49145222
sample_18 -3.77079582 -0.128718302 -3.87615705 2.27148628 -0.753067911 -5.64666748 -5.1587615 -6.07875299 1.61039758 -6.69826889
sample_19 -11.5545406 2.54240417 1.66696024 -4.51122236 -0.474658608 -6.12857342 -4.11105824 -10.8881292 -0.3937006 -3.65139747
sample_20 -8.57307148 2.91037798 0.0644247979 -4.93687534 0.204238847 -5.4449811 -4.24934006 -12.6564856 -1.35709453 -2.82260442
sample_21 -9.53099728 1.12184715 1.60285294 -0.0242760703 -1.27612472 -4.6286459 -4.13900328 -10.2761078 -0.620427787 -3.49558973
sample_22 -14.4705276 3.6372683 1.87514913 -6.77683353 -3.40003824 -2.88950348 -6.08358288 -23.1910152 0.426421851 2.98702168
sample_23 -8.08337212 -0.462420285 -0.98871547 0.252265394 1.04163957 -5.5788641 -2.23068023 -9.3687048 -1.74220657 -4.26309395
sample_24 -6.82117605 2.36274815 -2.57941723 -0.0659003779 -0.748918772 -5.68467236 -6.37745857 -9.68664646 1.60700607 -6.73965025
sample_25 -5.34851122 3.65369892 0.142369315 -2.12912679 -0.385999262 -5.94679356 -5.54634762 -8.06781006 -0.40920946 -6.65970707
sample_26 -8.36602306 2.41580391 1.96828449 1.42257619 -2.02741098 -6.1007309 -4.83957672 -7.37733793 -0.196459621 -6.41977024
sample_27 -4.66815519 0.797795832 -2.15284371 1.82814789 -1.12259507 -6.27708149 -4.91011572 -3.52327752 0.844427109 -8.10936165
sample_28 -3.13254642 -2.07321453 -4.28186035 1.79482412 0.139791384 -4.40382862 -5.53718138 -5.28963661 -0.141664773 -8.1774559
sample_29 -6.44772291 2.14800453 -1.63717806 3.70374846 -0.153036103 -7.61759567 -5.61365032 -9.17002678 0.242194623 -5.53286457
sample_30 -6.11015511 3.95844126 -1.66878808 -2.20829844 -0.777979672 -6.69460297 -5.91885948 -10.3595114 1.92504227 -5.85827684
sample_31 -8.70343494 0.796521127 -2.91807604 2.22568941 -1.23022485 -5.63392258 -5.98599434 -10.5827627 2.89492464 -2.87086535
sample_32 -8.2940073 -0.535462201 2.57305765 -2.82607269 -0.686406255 -2.51083136 -4.45791626 -6.30493546 -0.785714686 -7.31965733
sample_33 -4.28316593 3.93871164 -0.42917484 -2.70000434 -0.850156844 -6.22552156 -5.59082079 -9.22590542 0.808388591 -7.29026127
sample_34 -9.79158878 -0.370542705 -2.62206984 -6.13363457 -1.96221757 -2.99427629 -2.49459338 -4.29756212 4.34865999 -5.44605875
sample_35 -9.07747936 3.96406889 -0.66190213 -4.77638912 -2.86082792 -5.00738096 -6.44380665 -17.8337574 3.21385288 -6.1797924
sample_36 -8.09434605 2.17986774 -2.45122123 -2.46040535 -2.16158986 -5.25798607 -5.83331013 -8.55106735 3.61080432 -3.70768571
sample_37 -8.81099796 0.794249952 1.99490345 -1.66049922 -1.11493564 -5.36754417 -3.26710582 -10.0706644 -1.61772418 -6.1984787
sample_38 -8.4707365 5.43863869 -0.259387076 -0.866095245 -2.09403968 -6.31580114 -7.09108639 -12.1172667 1.9920727 -4.56372595
sample_39 -4.32572412 3.00233841 -2.18817639 -1.77573979 -2.24546003 -7.01751089 -5.7401166 -7.08818293 3.71339369 -9.04581451
sample_40 -9.34069729 3.39056587 1.24131763 0.604822397 -2.28734183 -5.53952265 -6.43370819 -10.3880901 1.09259129 -5.18918753
sample_41 -7.24783611 3.4168334 0.0889361352 0.000582642853 -0.555933058 -7.16966534 -7.70518827 -9.86428738 -1.00879538 -6.80412436
sample_42 -6.24839497 -1.0508883 -1.29513156 0.663641155 -0.64659965 -5.84028625 -3.35817599 -2.71525288 -1.44479263 -8.36665726
sample_43 -9.03245449 2.33312368 -1.98678958 -1.27140403 0.495072901 -7.39659166 -6.17627716 -7.74760056 0.661487281 -7.51182413
sample_44 -9.37849426 4.41877365 2.05809593 -2.8157053 -1.07776821 -7.32814026 -5.22755766 -9.55425358 -0.456730872 -7.23529243
sample_45 -11.8278742 1.46767294 5.96235561 3.36732006 -1.52572644 -6.99093151 -6.39275789 -14.0615759 -3.72347426 -6.32845354
sample_46 -10.0219221 2.12059879 1.9131726 -2.44702029 -1.665784 -4.45102024 -3.43650031 -13.0306225 0.532919645 -1.97610188
sample_47 -13.4577818 6.09713221 0.105926439 -2.09758806 -3.78278399 -6.37823057 -8.40692425 -21.8886013 2.06327963 -0.566773355
sample_48 -7.88596439 0.572701454 1.34202385 3.33769822 0.0402638465 -4.43032455 -5.93417454 -9.92483521 -1.69604373 -2.64706016
sample_49 -11.441678 1.81869566 0.00952629745 -7.39272022 -2.90987515 -3.94489479 -3.26836252 -16.5117073 3.0947504 -0.988021076
